QGC WPL 110
0	1	0	16	0	0	0	0	35.893262	139.955237	584.000000	1
1	0	0	22	0.000000	0.000000	0.000000	0.000000	35.891988	139.953753	100.000000	1
2	0	0	16	0.000000	0.000000	0.000000	0.000000	35.891992	139.953593	100.000000	1
3	0	0	16	0.000000	0.000000	0.000000	0.000000	35.893812	139.953609	100.000000	1
4	0	0	16	0.000000	0.000000	0.000000	0.000000	35.893768	139.956055	100.000000	1
5	0	0	16	0.000000	0.000000	0.000000	0.000000	35.891835	139.956012	100.000000	1
6	0	0	16	0.000000	0.000000	0.000000	0.000000	35.892150	139.955046	100.000000	1




